6 0.6425 0.18625 0.65875 0.18625 0.69375 0.20125 0.69875 0.20125 0.7075 0.18625 0.735 0.195 0.7575 0.21 0.7625 0.24125 0.755 0.25375 0.7275 0.2675 0.69125 0.27 0.67 0.26625 0.655 0.27125 0.61875 0.2675 0.59375 0.25375 0.5825 0.24125 0.58125 0.2125 0.595 0.19125
9 0.45875 0.13875 0.53 0.14 0.56375 0.15 0.5825 0.16125 0.58375 0.16625 0.565 0.18875 0.555 0.22625 0.5175 0.23125 0.4925 0.2225 0.4375 0.2175 0.41875 0.20875 0.4125 0.19875 0.40875 0.1675 0.4125 0.15125 0.425 0.1425
3 0.115 0.05375 0.185 0.09 0.2075 0.125 0.23 0.17375 0.23 0.19375 0.2175 0.22625 0.2 0.23125 0.1825 0.22875 0.1525 0.17875 0.12625 0.17625 0.10625 0.15625 0.07375 0.1525 0.06 0.145 0.04875 0.13 0.03375 0.1025 0.03625 0.0925
8 0.065 0.155 0.1025 0.155 0.1375 0.17625 0.13 0.21 0.13 0.24375 0.14125 0.28125 0.13 0.30375 0.12625 0.33875 0.1125 0.34 0.09375 0.33125 0.05625 0.325 0.0125 0.33375 0 0.3125 0 0.2575 0.015 0.24375 0.00875 0.22375 0 0.21375 0.00125 0.19125 0.01125 0.175
6 0.04 0.32875 0.09 0.3375 0.105 0.35 0.13125 0.355 0.135 0.36625 0.10625 0.39125 0.0675 0.41 0.01375 0.40625 0.005 0.385 0.005 0.34375
4 0.48375 0.37125 0.5475 0.38 0.60875 0.41375 0.625 0.43 0.63375 0.44875 0.64375 0.47875 0.645 0.5075 0.63125 0.5125 0.56875 0.515 0.53 0.525 0.48125 0.5575 0.4425 0.5525 0.37375 0.5175 0.36125 0.5 0.3575 0.46375 0.3625 0.4275 0.3775 0.3925 0.4025 0.3825
6 0.47875 0.37 0.51625 0.37375 0.505 0.3825 0.50625 0.38875 0.52625 0.37875 0.545 0.38125 0.60375 0.41125 0.615 0.42375 0.62375 0.45375 0.64 0.47625 0.63875 0.50625 0.60125 0.50625 0.53 0.52 0.505 0.53125 0.4975 0.5425 0.4775 0.55375 0.445 0.54875 0.3975 0.52375 0.38375 0.49125 0.38875 0.4575 0.42125 0.4275 0.39 0.4225 0.3875 0.40875 0.3775 0.40375 0.37875 0.39375 0.40375 0.3825 0.42875 0.3825 0.44 0.37625
9 0.2975 0.5275 0.355 0.53 0.40125 0.54875 0.4275 0.57 0.44 0.61125 0.4325 0.6575 0.4275 0.66375 0.4025 0.66625 0.36625 0.68375 0.34125 0.685 0.31625 0.67875 0.2875 0.69 0.2525 0.675 0.2025 0.67125 0.19 0.66 0.18625 0.63375 0.215 0.63875 0.23625 0.6225 0.2225 0.59625 0.225 0.58375 0.24125 0.575 0.2775 0.53625
3 0.6675 0.455 0.70375 0.46625 0.77125 0.505 0.8 0.505 0.83375 0.515 0.8725 0.5475 0.9 0.5625 0.91375 0.58 0.9175 0.61625 0.88875 0.67125 0.8725 0.68125 0.79625 0.67625 0.78375 0.6625 0.77125 0.635 0.76875 0.6175 0.74375 0.58375 0.7425 0.57 0.735 0.5575 0.68 0.53625 0.64375 0.50375 0.6425 0.47375 0.65125 0.4625
2 0.25125 0.75375 0.355 0.76625 0.43125 0.7875 0.47125 0.79125 0.5175 0.8025 0.5225 0.8075 0.5225 0.825 0.55375 0.84375 0.56625 0.86625 0.595 0.88375 0.595 0.89625 0.57125 0.90125 0.4675 0.89125 0.41875 0.87375 0.3525 0.865 0.3175 0.855 0.31375 0.8475 0.3225 0.835 0.29 0.81375 0.2725 0.7925 0.24375 0.77125 0.24 0.7575
6 0.6425 0.79 0.6675 0.79625 0.71 0.79125 0.74625 0.8225 0.775 0.81875 0.8075 0.8225 0.8125 0.8375 0.805 0.85 0.80125 0.875 0.79375 0.88 0.7675 0.8825 0.73375 0.90875 0.7 0.91375 0.625 0.91 0.6025 0.885 0.56625 0.86375 0.55375 0.83375 0.55375 0.82125 0.57 0.79625 0.615 0.8025
0 0.87625 0.67875 0.9025 0.68375 0.9225 0.70375 0.94 0.7075 0.9425 0.7125 0.93 0.7225 0.9625 0.72625 0.96125 0.75 0.955 0.765 0.98 0.77 0.94875 0.78125 0.94 0.80125 0.88125 0.8125 0.87875 0.82875 0.87 0.8375 0.865 0.865 0.8375 0.83875 0.8125 0.82625 0.785 0.825 0.75 0.83125 0.73125 0.82375 0.72375 0.805 0.72375 0.79375 0.73125 0.79375 0.73125 0.79 0.7175 0.7825 0.71625 0.76125 0.7225 0.7525 0.74875 0.73875 0.7725 0.71375 0.775 0.705 0.785 0.7025 0.7975 0.685 0.83125 0.6875
8 0.62 0.51375 0.645 0.52375 0.66875 0.525 0.6925 0.54125 0.7275 0.5475 0.73875 0.5575 0.745 0.5675 0.74 0.57875 0.76875 0.61125 0.77875 0.6575 0.79 0.67625 0.79 0.6825 0.78 0.6875 0.77125 0.715 0.75375 0.73375 0.7225 0.75 0.715 0.77875 0.69 0.78625 0.66 0.78875 0.6475 0.78 0.57875 0.79 0.5225 0.78875 0.48 0.75875 0.46375 0.74 0.4575 0.74125 0.45125 0.75125 0.44375 0.75125 0.43375 0.7325 0.445 0.65375 0.4425 0.62125 0.4575 0.6025 0.4775 0.55875 0.53125 0.52125 0.61125 0.52125